01001
01002
01003
01004
01005
01007
01008
01009
01010
01011
01012
01013
01014
01020
01021
01022
01026
01027
01028
01029
01030
01031
01032
01033
01034
01035
01036
01037
01038
01039
01040
01041
01050
01053
01054
01056
01057
01059
01060
01061
01062
01063
01066
01068
01069
01070
01071
01072
01073
01074
01075
01077
01079
01080
01081
01082
01083
01084
01085
01086
01088
01089
01090
01092
01093
01094
01095
01096
01097
01098
01101
01102
01103
01104
01105
01106
01107
01108
01109
01111
01115
01116
01118
01119
01128
01129
01133
01138
01139
01144
01151
01152
01195
01199
01201
01202
01203
01220
01222
01223
01224
01225
01226
01227
01229
01230
01235
01236
01237
01238
01240
01242
01243
01244
01245
01247
01252
01253
01254
01255
01256
01257
01258
01259
01260
01262
01263
01264
01266
01267
01270
01301
01302
01330
01331
01337
01338
01339
01340
01341
01342
01343
01344
01346
01347
01349
01350
01351
01354
01355
01360
01364
01366
01367
01368
01370
01373
01375
01376
01378
01379
01380
01420
01430
01431
01432
01434
01436
01438
01440
01441
01450
01451
01452
01453
01460
01462
01463
01464
01467
01468
01469
01470
01471
01472
01473
01474
01475
01477
01501
01503
01504
01505
01506
01507
01508
01509
01510
01515
01516
01517
01518
01519
01520
01521
01522
01523
01524
01525
01526
01527
01529
01531
01532
01534
01535
01536
01537
01538
01540
01541
01542
01543
01545
01546
01550
01560
01561
01562
01564
01566
01568
01569
01570
01571
01580
01581
01582
01583
01585
01586
01588
01590
01601
01602
01603
01604
01605
01606
01607
01608
01609
01610
01611
01612
01613
01614
01615
01653
01654
01655
01701
01702
01703
01704
01705
01718
01719
01720
01721
01730
01731
01740
01741
01742
01745
01746
01747
01748
01749
01752
01754
01756
01757
01760
01770
01772
01773
01775
01776
01778
01784
01801
01803
01805
01806
01807
01808
01810
01812
01813
01815
01821
01822
01824
01826
01827
01830
01831
01832
01833
01834
01835
01840
01841
01842
01843
01844
01845
01850
01851
01852
01853
01854
01860
01862
01863
01864
01865
01866
01867
01876
01879
01880
01885
01886
01887
01888
01889
01890
01899
01901
01902
01903
01904
01905
01906
01907
01908
01910
01913
01915
01921
01922
01923
01929
01930
01931
01936
01937
01938
01940
01944
01945
01949
01950
01951
01952
01960
01961
01965
01966
01969
01970
01971
01982
01983
01984
01985
02018
02019
02020
02021
02025
02026
02027
02030
02031
02032
02035
02038
02040
02041
02043
02044
02045
02047
02048
02050
02051
02052
02053
02054
02055
02056
02059
02060
02061
02062
02065
02066
02067
02070
02071
02072
02081
02090
02093
02108
02109
02110
02111
02112
02113
02114
02115
02116
02117
02118
02119
02120
02121
02122
02123
02124
02125
02126
02127
02128
02129
02130
02131
02132
02133
02134
02135
02136
02137
02138
02139
02140
02141
02142
02143
02144
02145
02148
02149
02150
02151
02152
02153
02155
02156
02163
02169
02170
02171
02176
02180
02184
02185
02186
02187
02188
02189
02190
02191
02196
02199
02201
02203
02204
02205
02206
02207
02210
02211
02212
02215
02216
02217
02222
02228
02238
02239
02241
02266
02269
02283
02284
02293
02295
02297
02298
02301
02302
02303
02304
02305
02322
02324
02325
02327
02330
02331
02332
02333
02334
02337
02338
02339
02340
02341
02343
02344
02345
02346
02347
02348
02349
02350
02351
02355
02356
02357
02358
02359
02360
02361
02362
02364
02366
02367
02368
02370
02375
02379
02381
02382
02420
02421
02445
02446
02447
02451
02452
02453
02454
02455
02456
02457
02458
02459
02460
02461
02462
02464
02465
02466
02467
02468
02471
02472
02474
02475
02476
02477
02478
02479
02481
02482
02492
02493
02494
02495
02532
02534
02535
02536
02537
02538
02539
02540
02541
02542
02543
02552
02553
02554
02556
02557
02558
02559
02561
02562
02563
02564
02565
02568
02571
02573
02574
02575
02576
02584
02601
02630
02631
02632
02633
02634
02635
02636
02637
02638
02639
02641
02642
02643
02644
02645
02646
02647
02648
02649
02650
02651
02652
02653
02655
02657
02659
02660
02661
02662
02663
02664
02666
02667
02668
02669
02670
02671
02672
02673
02675
02702
02703
02712
02713
02714
02715
02717
02718
02719
02720
02721
02722
02723
02724
02725
02726
02738
02739
02740
02741
02742
02743
02744
02745
02746
02747
02748
02760
02761
02762
02763
02764
02766
02767
02768
02769
02770
02771
02777
02779
02780
02783
02790
02791
05501
05544
02801
02802
02804
02806
02807
02808
02809
02812
02813
02814
02815
02816
02817
02818
02822
02823
02824
02825
02826
02827
02828
02829
02830
02831
02832
02833
02835
02836
02837
02838
02839
02840
02841
02842
02852
02854
02857
02858
02859
02860
02861
02862
02863
02864
02865
02871
02872
02873
02874
02875
02876
02877
02878
02879
02880
02881
02882
02883
02885
02886
02887
02888
02889
02891
02892
02893
02894
02895
02896
02898
02901
02902
02903
02904
02905
02906
02907
02908
02909
02910
02911
02912
02914
02915
02916
02917
02918
02919
02920
02921
02940
03031
03032
03033
03034
03036
03037
03038
03040
03041
03042
03043
03044
03045
03046
03047
03048
03049
03051
03052
03053
03054
03055
03057
03060
03061
03062
03063
03064
03070
03071
03073
03076
03077
03079
03082
03084
03086
03087
03101
03102
03103
03104
03105
03106
03107
03108
03109
03110
03111
03215
03216
03217
03218
03220
03221
03222
03223
03224
03225
03226
03227
03229
03230
03231
03233
03234
03235
03237
03238
03240
03241
03242
03243
03244
03245
03246
03247
03249
03251
03252
03253
03254
03255
03256
03257
03258
03259
03260
03261
03262
03263
03264
03266
03268
03269
03272
03273
03274
03275
03276
03278
03279
03280
03281
03282
03284
03287
03289
03290
03291
03293
03298
03299
03301
03302
03303
03304
03305
03307
03431
03435
03440
03441
03442
03443
03444
03445
03446
03447
03448
03449
03450
03451
03452
03455
03456
03457
03458
03461
03462
03464
03465
03466
03467
03468
03469
03470
03561
03570
03574
03575
03576
03579
03580
03581
03582
03583
03584
03585
03586
03588
03589
03590
03592
03593
03595
03597
03598
03601
03602
03603
03604
03605
03607
03608
03609
03740
03741
03743
03745
03746
03748
03749
03750
03751
03752
03753
03754
03755
03756
03765
03766
03768
03769
03770
03771
03773
03774
03777
03779
03780
03781
03782
03784
03785
03801
03802
03803
03804
03805
03809
03810
03811
03812
03813
03814
03815
03816
03817
03818
03819
03820
03821
03822
03823
03824
03825
03826
03827
03830
03832
03833
03835
03836
03837
03838
03839
03840
03841
03842
03843
03844
03845
03846
03847
03848
03849
03850
03851
03852
03853
03854
03855
03856
03857
03858
03859
03860
03862
03864
03865
03866
03867
03868
03869
03870
03871
03872
03873
03874
03875
03878
03882
03883
03884
03885
03886
03887
03890
03894
03896
03897
03901
03902
03903
03904
03905
03906
03907
03908
03909
03910
03911
04001
04002
04003
04004
04005
04006
04007
04008
04009
04010
04011
04013
04014
04015
04016
04017
04019
04020
04021
04022
04024
04027
04028
04029
04030
04032
04033
04034
04037
04038
04039
04040
04041
04042
04043
04046
04047
04048
04049
04050
04051
04054
04055
04056
04057
04061
04062
04063
04064
04066
04068
04069
04070
04071
04072
04073
04074
04075
04076
04077
04078
04079
04082
04083
04084
04085
04086
04087
04088
04090
04091
04092
04093
04094
04095
04096
04097
04098
04101
04102
04103
04104
04105
04106
04107
04108
04109
04110
04112
04116
04122
04123
04124
04210
04211
04212
04216
04217
04219
04220
04221
04222
04223
04224
04225
04226
04227
04228
04230
04231
04234
04236
04237
04238
04239
04240
04241
04243
04250
04252
04253
04254
04255
04256
04257
04258
04259
04260
04261
04262
04263
04265
04266
04267
04268
04270
04271
04274
04275
04276
04280
04281
04282
04284
04285
04286
04287
04288
04289
04290
04291
04292
04294
04330
04332
04333
04336
04338
04341
04342
04343
04344
04345
04346
04347
04348
04349
04350
04351
04352
04353
04354
04355
04357
04358
04359
04360
04363
04364
04401
04402
04406
04408
04410
04411
04412
04413
04414
04415
04416
04417
04418
04419
04420
04421
04422
04424
04426
04427
04428
04429
04430
04431
04434
04435
04438
04441
04442
04443
04444
04448
04449
04450
04451
04453
04454
04455
04456
04457
04459
04460
04461
04462
04463
04464
04467
04468
04469
04471
04472
04473
04474
04475
04476
04478
04479
04481
04485
04487
04488
04489
04490
04491
04492
04493
04495
04496
04497
04530
04535
04537
04538
04539
04541
04543
04544
04547
04548
04549
04551
04553
04554
04555
04556
04558
04562
04563
04564
04565
04568
04570
04571
04572
04573
04574
04575
04576
04578
04579
04605
04606
04607
04609
04611
04612
04613
04614
04616
04617
04619
04622
04623
04624
04625
04626
04627
04628
04629
04630
04631
04634
04635
04637
04640
04642
04643
04644
04645
04646
04648
04649
04650
04652
04653
04654
04655
04657
04658
04660
04662
04664
04666
04667
04668
04669
04671
04672
04673
04674
04675
04676
04677
04679
04680
04681
04683
04684
04685
04686
04691
04693
04694
04730
04732
04733
04734
04735
04736
04737
04738
04739
04740
04741
04742
04743
04744
04745
04746
04747
04750
04751
04756
04757
04758
04760
04761
04762
04763
04764
04765
04766
04768
04769
04772
04773
04774
04775
04776
04777
04779
04780
04781
04783
04785
04786
04787
04841
04843
04846
04847
04848
04849
04850
04851
04852
04853
04854
04855
04856
04858
04859
04860
04861
04862
04863
04864
04865
04901
04903
04910
04911
04912
04915
04917
04918
04920
04921
04922
04923
04924
04925
04926
04927
04928
04929
04930
04932
04933
04935
04936
04937
04938
04939
04940
04941
04942
04943
04944
04945
04947
04949
04950
04951
04952
04953
04954
04955
04956
04957
04958
04961
04962
04963
04964
04965
04966
04967
04969
04970
04971
04972
04973
04974
04975
04976
04978
04979
04981
04982
04983
04984
04985
04986
04987
04988
04989
04992
11732
11753
11756
11003
11758
11762
11010
11020
11021
11765
11022
11023
11024
11771
11030
11040
11773
11042
11050
11783
11791
11793
11797
11801
11803
11804
11501
11507
11509
11510
11514
11516
11518
11520
11530
11531
11542
11545
11547
11548
11549
11550
11552
11553
11554
11555
11557
11558
11559
11560
11561
11563
11565
11566
11568
11569
11570
11571
11572
11575
11576
11577
11579
11580
11581
11582
11590
11596
11598
11709
11710
11714
11727
11729
11730
11731
11733
11735
11738
11739
11740
11741
11742
11743
11746
11747
11749
11751
11752
11754
11755
11757
11763
11764
11766
11767
11768
11769
11770
11772
11775
11776
11777
11778
11779
11780
11782
11784
11786
11787
11788
11789
11790
11792
11794
11795
11796
11798
11901
11930
11931
11932
11933
11934
11935
11937
11939
11940
11941
11942
11944
11946
11947
11948
11949
11950
11951
11952
11953
11954
11955
11956
11957
11958
11959
11960
11961
11962
11963
11964
11965
11967
11968
11969
11970
11971
11972
11975
11976
11977
11978
11980
06390
11701
11702
11703
11704
11705
11706
11707
11713
11715
11716
11717
11718
11719
11720
11721
11722
11724
11725
11726
11201
11202
11203
11204
11205
11206
11207
11208
11209
11210
11211
11212
11213
11214
11215
11216
11217
11218
11219
11220
11221
11222
11223
11224
11225
11226
11228
11229
11230
11231
11232
11233
11234
11235
11236
11237
11238
11239
11242
11243
11245
11249
11251
11252
11001
11004
11005
11096
11101
11102
11103
11104
11105
11106
11109
11120
11352
11354
11355
11356
11357
11358
11359
11360
11361
11362
11363
11364
11365
11366
11367
11368
11369
11370
11371
11372
11373
11374
11375
11377
11378
11379
11380
11385
11405
11411
11412
11413
11414
11415
11416
11417
11418
11419
11420
11421
11422
11423
11424
11425
11426
11427
11428
11429
11430
11431
11432
11433
11434
11435
11436
11439
11451
11690
11691
11692
11693
11694
11697
10302
10303
10310
10306
10307
10308
10309
10312
10301
10304
10305
10314
07001
07002
07003
07004
07005
07006
07007
07008
07009
07010
07011
07012
07013
07014
07015
07016
07017
07018
07019
07020
07021
07022
07023
07024
07026
07027
07028
07029
07030
07031
07032
07033
07034
07035
07036
07039
07040
07041
07042
07043
07044
07045
07046
07047
07050
07051
07052
07054
07055
07057
07058
07059
07060
07061
07062
07063
07064
07065
07066
07067
07068
07069
07070
07071
07072
07073
07074
07075
07076
07077
07078
07079
07080
07081
07082
07083
07086
07087
07088
07090
07091
07092
07093
07094
07095
07096
07097
07099
07101
07102
07103
07104
07105
07106
07107
07108
07109
07110
07111
07112
07114
07175
07182
07184
07188
07189
07191
07192
07193
07194
07195
07198
07199
07201
07202
07203
07204
07205
07206
07207
07208
07302
07303
07304
07305
07306
07307
07308
07309
07310
07311
07395
07399
07401
07403
07405
07407
07410
07416
07417
07418
07419
07420
07421
07422
07423
07424
07428
07430
07432
07435
07436
07438
07439
07440
07442
07444
07446
07450
07451
07452
07456
07457
07458
07460
07461
07462
07463
07465
07470
07474
07477
07480
07481
07495
07501
07502
07503
07504
07505
07506
07507
07508
07509
07510
07511
07512
07513
07514
07522
07524
07533
07538
07543
07544
07601
07602
07603
07604
07605
07606
07607
07608
07620
07621
07624
07626
07627
07628
07630
07631
07632
07640
07641
07642
07643
07644
07645
07646
07647
07648
07649
07650
07652
07653
07656
07657
07660
07661
07662
07663
07666
07670
07675
07676
07677
07699
07701
07702
07703
07704
07709
07710
07711
07712
07715
07716
07717
07718
07719
07720
07721
07722
07723
07724
07726
07727
07728
07730
07731
07732
07733
07734
07735
07737
07738
07739
07740
07746
07747
07748
07750
07751
07752
07753
07754
07755
07756
07757
07758
07760
07762
07763
07764
07765
07799
07801
07802
07803
07806
07820
07821
07822
07823
07825
07826
07827
07828
07829
07830
07831
07832
07833
07834
07836
07837
07838
07839
07840
07842
07843
07844
07845
07846
07847
07848
07849
07850
07851
07852
07853
07855
07856
07857
07860
07863
07865
07866
07869
07870
07871
07874
07875
07876
07877
07878
07879
07880
07881
07882
07885
07890
07901
07902
07920
07921
07922
07924
07926
07927
07928
07930
07931
07932
07933
07934
07935
07936
07938
07939
07940
07945
07946
07950
07960
07961
07962
07963
07970
07974
07976
07977
07978
07979
07980
07981
07983
07999
08001
08002
08003
08004
08005
08006
08007
08008
08009
08010
08011
08012
08014
08015
08016
08018
08019
08020
08021
08022
08023
08025
08026
08027
08028
08029
08030
08031
08032
08033
08034
08035
08036
08037
08038
08039
08041
08042
08043
08045
08046
08048
08049
08050
08051
08052
08053
08054
08055
08056
08057
08059
08060
08061
08062
08063
08064
08065
08066
08067
08068
08069
08070
08071
08072
08073
08074
08075
08076
08077
08078
08079
08080
08081
08083
08084
08085
08086
08087
08088
08089
08090
08091
08092
08093
08094
08095
08096
08097
08098
08099
08101
08102
08103
08104
08105
08106
08107
08108
08109
08110
08201
08202
08203
08204
08205
08210
08212
08213
08214
08215
08217
08218
08219
08220
08221
08223
08224
08225
08226
08230
08231
08232
08234
08240
08241
08242
08243
08244
08245
08246
08247
08248
08250
08251
08252
08260
08270
08302
08310
08311
08312
08313
08314
08315
08316
08317
08318
08319
08320
08321
08322
08323
08324
08326
08327
08328
08329
08330
08332
08340
08341
08342
08343
08344
08345
08346
08347
08348
08349
08350
08352
08353
08360
08361
08362
08401
08402
08403
08404
08405
08406
08501
08502
08504
08505
08510
08511
08512
08514
08515
08518
08520
08525
08526
08527
08528
08530
08533
08534
08535
08536
08540
08541
08542
08543
08544
08550
08551
08553
08554
08555
08556
08557
08558
08559
08560
08561
08562
08601
08602
08603
08604
08605
08606
08607
08608
08609
08610
08611
08618
08619
08620
08625
08628
08629
08638
08640
08641
08645
08646
08647
08648
08650
08666
08690
08691
08695
08701
08720
08721
08722
08723
08724
08730
08731
08732
08733
08734
08735
08736
08738
08739
08740
08741
08742
08750
08751
08752
08753
08754
08755
08756
08757
08758
08759
08801
08802
08803
08804
08805
08807
08808
08809
08810
08812
08816
08817
08818
08820
08821
08822
08823
08824
08825
08826
08827
08828
08829
08830
08831
08832
08833
08834
08835
08836
08837
08840
08844
08846
08848
08850
08852
08853
08854
08855
08857
08858
08859
08861
08862
08863
08865
08867
08868
08869
08870
08871
08872
08873
08875
08876
08879
08880
08882
08884
08885
08886
08887
08888
08889
08890
08899
08901
08902
08903
08904
08905
08906
08922
08933
08988
08989
10910
10912
10914
10915
10916
10917
10918
10919
10921
10922
10924
10925
10926
10928
10930
10932
10933
10940
10941
10943
10949
10950
10953
10958
10959
10963
10969
10973
10975
10979
10981
10985
10987
10988
10990
10992
10996
10997
10998
12518
12520
12543
12549
12550
12551
12552
12553
12555
12566
12575
12577
12584
12586
12729
12746
12771
12780
10501
10502
10503
10504
10505
10506
10507
10510
10511
10514
10517
10518
10519
10520
10521
10522
10523
10526
10527
10528
10530
10532
10533
10535
10536
10538
10540
10543
10545
10546
10547
10548
10549
10550
10551
10552
10553
10557
10558
10560
10562
10566
10567
10570
10571
10572
10573
10576
10577
10578
10580
10583
10587
10588
10589
10590
10591
10594
10595
10596
10597
10598
10601
10602
10603
10604
10605
10606
10607
10610
10701
10702
10703
10704
10705
10706
10707
10708
10709
10710
10801
10802
10803
10804
10805
14410
14420
14428
14430
14445
14450
14464
14467
14468
14472
14506
14508
14511
14514
14515
14526
14534
14543
14546
14559
14580
14586
14602
14603
14604
14605
14606
14607
14608
14609
14610
14611
14612
14613
14614
14615
14616
14617
14618
14619
14620
14621
14622
14623
14624
14625
14626
14627
14638
14639
14642
14643
14644
14645
14646
14647
14649
14650
14651
14652
14653
14664
14673
14683
14692
14694
14001
14004
14006
14010
14025
14026
14027
14030
14031
14032
14033
14034
14035
14038
14043
14047
14051
14052
14055
14057
14059
14061
14068
14069
14072
14075
14080
14085
14086
14091
14102
14110
14111
14112
14127
14134
14139
14140
14141
14150
14151
14169
14170
14201
14202
14203
14204
14205
14206
14207
14208
14209
14210
14211
14212
14213
14214
14215
14216
14217
14218
14219
14220
14221
14222
14223
14224
14225
14226
14227
14228
14231
14233
14240
14241
14260
14261
14263
14264
14265
14267
14269
14270
14272
14273
14276
14280
13020
13027
13029
13030
13031
13039
13041
13051
13057
13060
13063
13066
13078
13080
13082
13084
13088
13089
13090
13104
13108
13110
13112
13116
13119
13120
13137
13138
13152
13153
13159
13164
13201
13202
13203
13204
13205
13206
13207
13208
13209
13210
13211
13212
13214
13215
13217
13218
13219
13220
13221
13224
13225
13235
13244
13250
13251
13252
13261
13290
12007
12009
12023
12041
12045
12046
12047
12054
12055
12059
12067
12077
12084
12085
12107
12110
12120
12128
12143
12147
12158
12159
12161
12183
12186
12189
12193
12201
12202
12203
12204
12205
12206
12207
12208
12209
12210
12211
12212
12214
12220
12222
12223
12224
12225
12226
12227
12228
12229
12230
12231
12232
12233
12234
12235
12236
12237
12238
12239
12240
12241
12242
12243
12244
12245
12246
12247
12248
12249
12250
12252
12255
12256
12257
12260
12261
12288
12469
05001
05009
05030
05031
05032
05033
05034
05035
05036
05037
05038
05039
05040
05041
05042
05043
05045
05046
05047
05048
05049
05050
05051
05052
05053
05054
05055
05056
05058
05059
05060
05061
05062
05065
05067
05068
05069
05070
05071
05072
05073
05074
05075
05076
05077
05079
05081
05083
05084
05085
05086
05088
05089
05091
05101
05141
05142
05143
05144
05146
05148
05149
05150
05151
05152
05153
05154
05155
05156
05158
05159
05161
05201
05250
05251
05252
05253
05254
05255
05257
05260
05261
05262
05301
05302
05303
05304
05340
05341
05342
05343
05344
05345
05346
05350
05351
05352
05353
05354
05355
05356
05357
05358
05359
05360
05361
05362
05363
05401
05402
05403
05404
05405
05406
05407
05408
05439
05440
05441
05442
05443
05444
05445
05446
05447
05448
05449
05450
05451
05452
05453
05454
05455
05456
05457
05458
05459
05460
05461
05462
05463
05464
05465
05466
05468
05469
05470
05471
05472
05473
05474
05476
05477
05478
05479
05481
05482
05483
05485
05486
05487
05488
05489
05490
05491
05492
05494
05495
05601
05602
05603
05604
05609
05620
05633
05640
05641
05647
05648
05649
05650
05651
05652
05653
05654
05655
05656
05657
05658
05660
05661
05662
05663
05664
05665
05666
05667
05669
05670
05671
05672
05673
05674
05675
05676
05677
05678
05679
05680
05681
05682
05701
05702
05730
05731
05732
05733
05734
05735
05736
05737
05738
05739
05740
05741
05742
05743
05744
05745
05746
05747
05748
05750
05751
05753
05757
05758
05759
05760
05761
05762
05763
05764
05765
05766
05767
05768
05769
05770
05772
05773
05774
05775
05776
05777
05778
05819
05820
05821
05822
05823
05824
05825
05826
05827
05828
05829
05830
05832
05833
05836
05837
05838
05839
05840
05841
05842
05843
05845
05846
05847
05848
05849
05850
05851
05853
05855
05857
05858
05859
05860
05861
05862
05863
05866
05867
05868
05871
05872
05873
05874
05875
05901
05902
05903
05904
05905
05906
05907
20101
20102
20103
20104
20105
20106
20107
20108
20109
20110
20111
20112
20113
20115
20116
20117
20118
20119
20120
20121
20122
20124
20128
20129
20130
20131
20132
20134
20135
20136
20137
20138
20139
20140
20141
20142
20143
20144
20146
20147
20148
20149
20151
20152
20153
20155
20156
20158
20159
20160
20163
20164
20165
20166
20167
20168
20169
20170
20171
20172
20175
20176
20177
20178
20180
20181
20182
20184
20185
20186
20187
20188
20189
20190
20191
20192
20193
20194
20195
20196
20197
20198
20199
22003
22009
22015
22025
22026
22027
22030
22031
22032
22033
22034
22035
22036
22037
22038
22039
22040
22041
22042
22043
22044
22046
22047
22060
22066
22067
22079
22081
22082
22092
22093
22095
22096
22101
22102
22103
22106
22107
22108
22109
22116
22118
22119
22120
22121
22122
22124
22125
22134
22135
22150
22151
22152
22153
22156
22158
22159
22160
22161
22172
22180
22181
22182
22183
22184
22185
22191
22192
22193
22194
22195
22199
22201
22202
22203
22204
22205
22206
22207
22209
22210
22211
22212
22213
22214
22215
22216
22217
22218
22219
22222
22223
22225
22226
22227
22229
22230
22234
22240
22241
22242
22243
22244
22245
22246
22301
22302
22303
22304
22305
22306
22307
22308
22309
22310
22311
22312
22313
22314
22315
22320
22321
22331
22332
22333
22334
22336
22401
22402
22403
22404
22405
22406
22407
22408
22412
22427
22428
22430
22432
22433
22435
22436
22437
22438
22442
22443
22446
22448
22451
22454
22456
22460
22463
22469
22471
22472
22473
22476
22480
22481
22482
22485
22488
22501
22503
22504
22507
22508
22509
22511
22513
22514
22517
22520
22523
22524
22526
22528
22529
22530
22534
22535
22538
22539
22542
22544
22545
22546
22547
22548
22552
22553
22554
22555
22556
22558
22560
22565
22567
22570
22572
22576
22577
22578
22579
22580
22581
22601
22602
22603
22604
22610
22611
22620
22622
22623
22624
22625
22626
22627
22630
22637
22639
22640
22641
22642
22643
22644
22645
22646
22649
22650
22652
22654
22655
22656
22657
22660
22663
22664
22701
22709
22711
22712
22713
22714
22715
22716
22718
22719
22720
22721
22722
22723
22724
22725
22726
22727
22728
22729
22730
22731
22732
22733
22734
22735
22736
22737
22738
22739
22740
22741
22742
22743
22746
22747
22748
22749
22801
22802
22803
22807
22810
22811
22812
22815
22820
22821
22824
22827
22830
22831
22832
22833
22834
22835
22840
22841
22842
22843
22844
22845
22846
22847
22848
22849
22850
22851
22853
22901
22902
22903
22904
22905
22906
22907
22908
22909
22910
22911
22920
22922
22923
22924
22931
22932
22935
22936
22937
22938
22939
22940
22942
22943
22945
22946
22947
22948
22949
22952
22957
22958
22959
22960
22963
22964
22965
22967
22968
22969
22971
22972
22973
22974
22976
22980
22987
22989
23001
23002
23003
23004
23005
23009
23011
23014
23015
23018
23021
23022
23023
23024
23025
23027
23030
23031
23032
23035
23038
23039
23040
23043
23045
23047
23050
23055
23056
23058
23059
23060
23061
23062
23063
23064
23065
23066
23067
23068
23069
23070
23071
23072
23075
23076
23079
23081
23083
23084
23085
23086
23089
23090
23091
23092
23093
23101
23102
23103
23105
23106
23107
23108
23109
23110
23111
23112
23113
23114
23115
23116
23117
23119
23120
23123
23124
23125
23126
23127
23128
23129
23130
23131
23138
23139
23140
23141
23146
23147
23148
23149
23150
23153
23154
23155
23156
23160
23161
23162
23163
23168
23169
23170
23173
23175
23176
23177
23178
23180
23181
23183
23184
23185
23186
23187
23188
23190
23192
23218
23219
23220
23221
23222
23223
23224
23225
23226
23227
23228
23229
23230
23231
23232
23233
23234
23235
23236
23237
23238
23240
23241
23242
23249
23250
23255
23260
23261
23269
23273
23274
23276
23278
23279
23282
23284
23285
23286
23288
23289
23290
23291
23292
23293
23294
23295
23297
23298
23301
23302
23303
23304
23306
23307
23308
23310
23313
23314
23315
23316
23320
23321
23322
23323
23324
23325
23326
23327
23328
23336
23337
23341
23345
23347
23350
23354
23356
23357
23358
23359
23389
23395
23396
23397
23398
23399
23401
23404
23405
23407
23408
23409
23410
23412
23413
23414
23415
23416
23417
23418
23419
23420
23421
23422
23423
23424
23426
23427
23429
23430
23431
23432
23433
23434
23435
23436
23437
23438
23439
23440
23441
23442
23443
23450
23451
23452
23453
23454
23455
23456
23457
23458
23459
23460
23461
23462
23463
23464
23465
23466
23467
23471
23479
23480
23482
23483
23486
23487
23488
23501
23502
23503
23504
23505
23506
23507
23508
23509
23510
23511
23512
23513
23514
23515
23517
23518
23519
23520
23521
23523
23529
23541
23551
23601
23602
23603
23604
23605
23606
23607
23608
23609
23612
23628
23630
23651
23661
23662
23663
23664
23665
23666
23667
23668
23669
23670
23681
23690
23691
23692
23693
23694
23696
23701
23702
23703
23704
23705
23707
23708
23709
23801
23803
23804
23805
23806
23821
23822
23824
23825
23827
23828
23829
23830
23831
23832
23833
23834
23836
23837
23838
23839
23840
23841
23842
23843
23844
23845
23846
23847
23850
23851
23856
23857
23860
23866
23867
23868
23870
23872
23873
23874
23875
23876
23878
23879
23881
23882
23883
23884
23885
23887
23888
23889
23890
23891
23893
23894
23897
23898
23899
23901
23909
23915
23917
23919
23920
23921
23922
23923
23924
23927
23930
23934
23936
23937
23938
23939
23941
23942
23943
23944
23947
23950
23952
23954
23955
23958
23959
23960
23962
23963
23964
23966
23967
23968
23970
23974
23976
24001
24002
24003
24004
24005
24006
24007
24008
24009
24010
24011
24012
24013
24014
24015
24016
24017
24018
24019
24020
24022
24023
24024
24025
24026
24027
24028
24029
24030
24031
24032
24033
24034
24035
24036
24037
24038
24040
24042
24043
24044
24045
24048
24050
24053
24054
24055
24058
24059
24060
24061
24062
24063
24064
24065
24066
24067
24068
24069
24070
24072
24073
24076
24077
24078
24079
24082
24083
24084
24085
24086
24087
24088
24089
24090
24091
24092
24093
24095
24101
24102
24104
24105
24111
24112
24113
24114
24115
24120
24121
24122
24124
24126
24127
24128
24129
24130
24131
24132
24133
24134
24136
24137
24138
24139
24141
24142
24143
24146
24147
24148
24149
24150
24151
24153
24155
24157
24161
24162
24165
24167
24168
24171
24174
24175
24176
24177
24178
24179
24184
24185
24201
24202
24203
24209
24210
24211
24212
24215
24216
24217
24218
24219
24220
24221
24224
24225
24226
24228
24230
24236
24237
24239
24243
24244
24245
24246
24248
24250
24251
24256
24258
24260
24263
24265
24266
24269
24270
24271
24272
24273
24277
24279
24280
24281
24282
24283
24290
24292
24293
24301
24311
24312
24313
24314
24315
24316
24317
24318
24319
24322
24323
24324
24325
24326
24327
24328
24330
24333
24340
24343
24347
24348
24350
24351
24352
24354
24360
24361
24363
24366
24368
24370
24374
24375
24377
24378
24380
24381
24382
24401
24402
24411
24412
24413
24415
24416
24421
24422
24426
24430
24431
24432
24433
24435
24437
24438
24439
24440
24441
24442
24445
24448
24450
24457
24458
24459
24460
24463
24464
24465
24467
24468
24469
24471
24472
24473
24474
24476
24477
24479
24482
24483
24484
24485
24486
24487
24501
24502
24503
24504
24505
24506
24512
24513
24514
24515
24517
24520
24521
24522
24523
24526
24527
24528
24529
24530
24531
24533
24534
24535
24536
24538
24539
24540
24541
24543
24544
24549
24550
24551
24553
24554
24555
24556
24557
24558
24562
24563
24565
24566
24569
24570
24571
24572
24574
24576
24577
24578
24579
24580
24581
24586
24588
24589
24590
24592
24593
24594
24595
24597
24598
24599
24601
24602
24603
24604
24605
24606
24607
24608
24609
24612
24613
24614
24619
24620
24622
24624
24627
24628
24630
24631
24634
24635
24637
24639
24640
24641
24646
24647
24649
24651
24656
24657
24658
24701
24712
24714
24715
24716
24719
24724
24726
24729
24731
24732
24733
24736
24737
24738
24739
24740
24747
24751
24801
24808
24811
24813
24815
24816
24817
24818
24822
24823
24826
24827
24828
24829
24830
24831
24834
24836
24839
24842
24843
24844
24845
24846
24847
24848
24849
24850
24851
24853
24854
24855
24857
24859
24860
24861
24862
24866
24867
24868
24869
24870
24871
24872
24873
24874
24878
24879
24880
24881
24882
24884
24887
24888
24892
24894
24895
24898
24901
24902
24910
24915
24916
24918
24920
24924
24925
24927
24931
24934
24935
24938
24941
24943
24944
24945
24946
24951
24954
24957
24961
24962
24963
24966
24970
24974
24976
24977
24981
24983
24984
24985
24986
24991
24993
25002
25003
25005
25007
25008
25009
25011
25015
25019
25021
25022
25024
25025
25026
25028
25030
25031
25033
25035
25036
25039
25040
25043
25044
25045
25047
25048
25049
25051
25053
25054
25057
25059
25060
25061
25062
25063
25064
25067
25070
25071
25075
25076
25079
25081
25082
25083
25085
25086
25088
25090
25093
25102
25103
25106
25107
25108
25109
25110
25111
25112
25113
25114
25115
25118
25119
25121
25123
25124
25125
25126
25130
25132
25133
25134
25136
25139
25140
25141
25142
25143
25148
25149
25152
25154
25156
25159
25160
25161
25162
25164
25165
25168
25169
25173
25174
25177
25180
25181
25183
25185
25186
25187
25193
25201
25202
25203
25204
25205
25206
25208
25209
25211
25213
25214
25231
25234
25235
25239
25241
25243
25244
25245
25247
25248
25251
25252
25253
25259
25260
25261
25262
25264
25265
25266
25267
25268
25270
25271
25275
25276
25285
25286
25287
25301
25302
25303
25304
25305
25306
25309
25311
25312
25313
25314
25315
25317
25320
25321
25322
25323
25324
25325
25326
25327
25328
25329
25330
25331
25332
25333
25334
25335
25336
25337
25338
25339
25350
25356
25357
25358
25360
25361
25362
25364
25365
25375
25387
25389
25392
25396
25401
25402
25403
25404
25405
25410
25411
25413
25414
25419
25420
25421
25422
25423
25425
25427
25428
25429
25430
25431
25432
25434
25437
25438
25440
25441
25442
25443
25444
25446
25501
25502
25503
25504
25505
25506
25507
25508
25510
25511
25512
25514
25515
25517
25520
25521
25523
25524
25526
25529
25530
25534
25535
25537
25540
25541
25544
25545
25547
25550
25555
25557
25559
25560
25562
25564
25565
25567
25569
25570
25571
25572
25573
25601
25606
25607
25608
25611
25612
25614
25617
25621
25624
25625
25628
25630
25632
25634
25635
25637
25638
25639
25644
25646
25647
25649
25650
25651
25652
25653
25654
25661
25665
25666
25667
25669
25670
25671
25672
25674
25676
25678
25685
25686
25688
25690
25691
25692
25696
25699
25701
25702
25703
25704
25705
25706
25707
25708
25709
25710
25711
25712
25713
25714
25715
25716
25717
25718
25719
25720
25721
25722
25723
25724
25725
25726
25727
25728
25729
25755
25770
25771
25772
25773
25774
25775
25776
25777
25778
25779
25801
25802
25810
25811
25812
25813
25817
25818
25820
25823
25825
25826
25827
25831
25832
25833
25836
25837
25839
25840
25841
25843
25844
25845
25846
25848
25849
25851
25853
25854
25855
25857
25860
25862
25864
25865
25866
25868
25870
25871
25873
25875
25876
25878
25879
25880
25882
25901
25902
25904
25906
25907
25908
25909
25911
25913
25915
25916
25917
25918
25919
25920
25921
25922
25926
25927
25928
25932
25936
25938
25942
25943
25951
25958
25962
25965
25966
25969
25971
25972
25976
25977
25978
25979
25981
25984
25985
25986
25989
26003
26030
26031
26032
26033
26034
26035
26036
26037
26038
26039
26040
26041
26047
26050
26055
26056
26058
26059
26060
26062
26070
26074
26075
26101
26102
26103
26104
26105
26106
26120
26121
26133
26134
26136
26137
26138
26141
26142
26143
26146
26147
26148
26149
26150
26151
26152
26155
26159
26160
26161
26162
26164
26167
26169
26170
26175
26178
26180
26181
26184
26187
26201
26202
26203
26205
26206
26208
26209
26210
26215
26217
26218
26219
26222
26224
26228
26229
26230
26234
26236
26237
26238
26241
26250
26253
26254
26257
26259
26260
26261
26263
26264
26266
26267
26268
26269
26270
26271
26273
26275
26276
26278
26280
26282
26283
26285
26287
26288
26289
26291
26292
26293
26294
26296
26298
26301
26302
26306
26320
26321
26323
26325
26327
26330
26335
26337
26338
26339
26342
26343
26346
26347
26348
26349
26351
26354
26361
26362
26366
26369
26372
26374
26376
26377
26378
26384
26385
26386
26404
26405
26408
26410
26411
26412
26415
26416
26419
26421
26422
26424
26425
26426
26430
26431
26434
26435
26436
26437
26438
26440
26443
26444
26447
26448
26451
26452
26456
26461
26463
26501
26502
26504
26505
26506
26507
26508
26519
26520
26521
26524
26525
26527
26531
26534
26537
26541
26542
26543
26544
26546
26547
26554
26555
26559
26560
26561
26562
26563
26566
26568
26570
26571
26572
26574
26575
26576
26578
26581
26582
26585
26586
26587
26588
26590
26591
26601
26610
26611
26615
26617
26619
26621
26623
26624
26627
26629
26631
26636
26638
26651
26656
26660
26662
26667
26671
26675
26676
26678
26679
26680
26681
26684
26690
26691
26704
26705
26707
26710
26711
26714
26716
26717
26719
26720
26722
26726
26731
26739
26743
26750
26753
26755
26757
26761
26763
26764
26767
26801
26802
26804
26807
26808
26810
26812
26814
26815
26817
26818
26823
26833
26836
26838
26845
26847
26851
26852
26855
26865
26866
26884
26886
27006
27007
27009
27010
27011
27012
27013
27014
27016
27017
27018
27019
27020
27021
27022
27023
27024
27025
27027
27028
27030
27031
27040
27041
27042
27043
27045
27046
27047
27048
27049
27050
27051
27052
27053
27054
27055
27094
27098
27099
27101
27102
27103
27104
27105
27106
27107
27108
27109
27110
27111
27113
27114
27115
27116
27117
27120
27127
27130
27150
27151
27152
27155
27156
27157
27198
27199
27201
27202
27203
27204
27205
27207
27208
27209
27212
27213
27214
27215
27216
27217
27220
27228
27229
27230
27231
27233
27235
27237
27239
27242
27243
27244
27247
27248
27249
27252
27253
27256
27258
27259
27260
27261
27262
27263
27264
27265
27278
27281
27282
27283
27284
27285
27288
27289
27291
27292
27293
27294
27295
27298
27299
27301
27302
27305
27306
27310
27311
27312
27313
27314
27315
27316
27317
27320
27321
27322
27323
27325
27326
27330
27331
27332
27340
27341
27342
27343
27344
27349
27350
27351
27355
27356
27357
27358
27359
27360
27361
27370
27371
27373
27374
27375
27376
27377
27379
27395
27401
27402
27403
27404
27405
27406
27407
27408
27409
27410
27411
27412
27413
27415
27416
27417
27419
27420
27425
27427
27429
27435
27438
27455
27480
27495
27497
27498
27499
27501
27502
27503
27504
27505
27506
27507
27508
27509
27510
27511
27512
27513
27514
27515
27516
27517
27518
27519
27520
27521
27522
27523
27524
27525
27526
27527
27528
27529
27530
27531
27532
27533
27534
27536
27537
27539
27540
27541
27542
27543
27544
27545
27546
27549
27551
27552
27553
27555
27556
27557
27559
27560
27562
27563
27564
27565
27568
27569
27570
27571
27572
27573
27574
27576
27577
27581
27582
27583
27584
27586
27587
27588
27589
27591
27592
27593
27594
27596
27597
27599
27601
27602
27603
27604
27605
27606
27607
27608
27609
27610
27611
27612
27613
27614
27615
27616
27617
27619
27620
27621
27622
27623
27624
27625
27626
27627
27628
27629
27634
27635
27636
27640
27650
27656
27658
27661
27668
27675
27676
27690
27695
27697
27698
27699
27701
27702
27703
27704
27705
27706
27707
27708
27709
27710
27711
27712
27713
27715
27717
27722
27801
27802
27803
27804
27805
27806
27807
27808
27809
27810
27811
27812
27813
27814
27815
27816
27817
27818
27819
27820
27821
27822
27823
27824
27825
27826
27827
27828
27829
27830
27831
27832
27833
27834
27835
27836
27837
27839
27840
27841
27842
27843
27844
27845
27846
27847
27849
27850
27851
27852
27853
27854
27855
27856
27857
27858
27860
27861
27862
27863
27864
27865
27866
27867
27868
27869
27870
27871
27872
27873
27874
27875
27876
27877
27878
27879
27880
27881
27882
27883
27884
27885
27886
27887
27888
27889
27890
27891
27892
27893
27894
27895
27896
27897
27906
27907
27909
27910
27915
27916
27917
27919
27920
27921
27922
27923
27924
27925
27926
27927
27928
27929
27930
27932
27935
27936
27937
27938
27939
27941
27942
27943
27944
27946
27947
27948
27949
27950
27953
27954
27956
27957
27958
27959
27960
27962
27964
27965
27966
27967
27968
27969
27970
27972
27973
27974
27976
27978
27979
27980
27981
27982
27983
27985
27986
28001
28002
28006
28007
28009
28010
28012
28016
28017
28018
28019
28020
28021
28023
28024
28025
28026
28027
28031
28032
28033
28034
28035
28036
28037
28038
28039
28040
28041
28042
28043
28052
28053
28054
28055
28056
28070
28071
28072
28073
28074
28075
28076
28077
28078
28079
28080
28081
28082
28083
28086
28088
28089
28090
28091
28092
28093
28097
28098
28101
28102
28103
28104
28105
28106
28107
28108
28109
28110
28111
28112
28114
28115
28117
28119
28120
28123
28124
28125
28126
28127
28128
28129
28130
28133
28134
28135
28136
28137
28138
28139
28144
28145
28146
28147
28150
28151
28152
28159
28160
28163
28164
28166
28167
28168
28169
28170
28173
28174
28201
28202
28203
28204
28205
28206
28207
28208
28209
28210
28211
28212
28213
28214
28215
28216
28217
28218
28219
28220
28221
28222
28223
28224
28226
28227
28228
28229
28230
28231
28232
28233
28234
28235
28236
28237
28241
28242
28243
28244
28246
28247
28250
28253
28254
28255
28256
28258
28260
28262
28263
28265
28266
28269
28270
28271
28272
28273
28274
28275
28277
28278
28280
28281
28282
28284
28285
28287
28288
28289
28290
28296
28297
28299
28301
28302
28303
28304
28305
28306
28307
28308
28309
28310
28311
28312
28314
28315
28318
28319
28320
28323
28325
28326
28327
28328
28329
28330
28331
28332
28333
28334
28335
28337
28338
28339
28340
28341
28342
28343
28344
28345
28347
28348
28349
28350
28351
28352
28353
28355
28356
28357
28358
28359
28360
28362
28363
28364
28365
28366
28367
28368
28369
28370
28371
28372
28373
28374
28375
28376
28377
28378
28379
28380
28382
28383
28384
28385
28386
28387
28388
28390
28391
28392
28393
28394
28395
28396
28398
28399
28401
28402
28403
28404
28405
28406
28407
28408
28409
28410
28411
28412
28420
28421
28422
28423
28424
28425
28428
28429
28430
28431
28432
28433
28434
28435
28436
28438
28439
28441
28442
28443
28444
28445
28447
28448
28449
28450
28451
28452
28453
28454
28455
28456
28457
28458
28459
28460
28461
28462
28463
28464
28465
28466
28467
28468
28469
28470
28472
28478
28479
28480
28501
28502
28503
28504
28508
28509
28510
28511
28512
28513
28515
28516
28518
28519
28520
28521
28522
28523
28524
28525
28526
28527
28528
28529
28530
28531
28532
28533
28537
28538
28539
28540
28541
28542
28543
28544
28545
28546
28547
28551
28552
28553
28554
28555
28556
28557
28560
28561
28562
28563
28564
28570
28571
28572
28573
28574
28575
28577
28578
28579
28580
28581
28582
28583
28584
28585
28586
28587
28589
28590
28594
28601
28602
28603
28604
28605
28606
28607
28608
28609
28610
28611
28612
28613
28615
28616
28617
28618
28619
28621
28622
28623
28624
28625
28626
28627
28628
28629
28630
28631
28633
28634
28635
28636
28637
28638
28640
28641
28642
28643
28644
28645
28646
28647
28649
28650
28651
28652
28653
28654
28655
28656
28657
28658
28659
28660
28661
28662
28663
28664
28665
28666
28667
28668
28669
28670
28671
28672
28673
28674
28675
28676
28677
28678
28679
28680
28681
28682
28683
28684
28685
28687
28688
28689
28690
28691
28692
28693
28694
28697
28698
28699
28701
28702
28704
28705
28707
28708
28709
28710
28711
28712
28713
28714
28715
28716
28717
28718
28719
28720
28721
28722
28723
28724
28725
28726
28727
28728
28729
28730
28731
28732
28733
28734
28735
28736
28737
28738
28739
28740
28741
28742
28743
28744
28745
28746
28747
28748
28749
28750
28751
28752
28753
28754
28755
28756
28757
28758
28759
28760
28761
28762
28763
28765
28766
28768
28770
28771
28772
28773
28774
28775
28776
28777
28778
28779
28781
28782
28783
28784
28785
28786
28787
28788
28789
28790
28791
28792
28793
28801
28802
28803
28804
28805
28806
28810
28813
28814
28815
28816
28901
28902
28903
28904
28905
28906
28909
20601
20602
20603
20604
20611
20612
20616
20617
20625
20632
20637
20640
20643
20645
20646
20658
20661
20662
20664
20675
20677
20682
20693
20695
20606
20609
20618
20619
20620
20621
20622
20624
20626
20627
20628
20630
20634
20635
20636
20650
20653
20656
20659
20660
20667
20670
20674
20680
20684
20686
20687
20690
20692
20607
20608
20613
20623
20697
20703
20704
20705
20706
20707
20708
20709
20710
20712
20715
20716
20717
20718
20719
20720
20721
20722
20725
20726
20731
20735
20737
20738
20740
20741
20742
20743
20744
20745
20746
20747
20748
20749
20750
20752
20753
20757
20762
20768
20769
20770
20771
20772
20773
20774
20775
20781
20782
20783
20784
20785
20787
20788
20790
20791
20792
20797
20799
21013
21020
21022
21023
21027
21030
21031
21051
21052
21053
21057
21065
21071
21082
21087
21092
21093
21094
21105
21111
21117
21120
21128
21131
21133
21136
21139
21152
21153
21155
21156
21162
21204
21207
21208
21219
21220
21221
21222
21227
21228
21234
21236
21237
21244
21250
21252
21282
21284
21285
21286
20711
20724
20733
20751
20755
20758
20764
20765
20776
20778
20779
21012
21032
21035
21037
21054
21056
21060
21061
21062
21076
21077
21090
21098
21106
21108
21113
21114
21122
21123
21140
21144
21146
21226
21240
21401
21402
21403
21404
21405
21409
21411
21412
20759
20763
20777
20794
21029
21036
21041
21042
21043
21044
21045
21046
21075
21150
21163
21723
21737
21738
21765
21794
21797
21001
21005
21009
21010
21014
21015
21017
21018
21028
21034
21040
21047
21050
21078
21084
21085
21130
21132
21154
21160
21161
21901
21902
21903
21904
21911
21912
21913
21914
21915
21916
21917
21918
21919
21920
21921
21922
21930
21701
21702
21703
21704
21705
21709
21710
21714
21716
21717
21718
21727
21754
21755
21758
21759
21762
21769
21770
21771
21773
21774
21775
21777
21778
21780
21788
21790
21792
21793
21798
21501
21502
21503
21504
21505
21521
21524
21528
21529
21530
21532
21539
21540
21542
21543
21545
21555
21556
21557
21560
21562
21766
21711
21713
21715
21719
21720
21721
21722
21733
21734
21740
21741
21742
21746
21747
21748
21749
21750
21756
21767
21779
21781
21782
21783
21795
21048
21074
21088
21102
21104
21157
21158
21757
21776
21784
21787
21791
21520
21522
21523
21531
21536
21538
21541
21550
21561
20810
20811
20812
20813
20814
20815
20816
20817
20818
20824
20825
20827
20830
20832
20833
20837
20838
20839
20841
20842
20847
20848
20849
20850
20851
20852
20853
20854
20855
20857
20859
20860
20861
20862
20866
20868
20871
20872
20874
20875
20876
20877
20878
20879
20880
20882
20883
20884
20885
20886
20889
20891
20892
20894
20895
20896
20897
20898
20899
20901
20902
20903
20904
20905
20906
20907
20908
20910
20911
20912
20913
20914
20915
20916
20918
20993
20997
15006
15007
15014
15015
15017
15018
15020
15024
15025
15028
15030
15031
15032
15034
15035
15037
15044
15045
15046
15047
15049
15051
15056
15064
15065
15071
15075
15076
15082
15084
15086
15088
15090
15091
15095
15096
15101
15102
15104
15106
15108
15110
15112
15116
15120
15122
15123
15126
15127
15129
15131
15132
15133
15134
15135
15136
15137
15139
15140
15142
15143
15144
15145
15146
15147
15148
15201
15202
15203
15204
15205
15206
15207
15208
15209
15210
15211
15212
15213
15214
15215
15216
15217
15218
15219
15220
15221
15222
15223
15224
15225
15226
15227
15228
15229
15230
15231
15232
15233
15234
15235
15236
15237
15238
15239
15240
15241
15242
15243
15244
15250
15251
15252
15253
15254
15255
15257
15258
15259
15260
15261
15262
15263
15264
15265
15267
15268
15270
15272
15274
15275
15276
15277
15278
15279
15281
15282
15283
15285
15286
15289
15290
15295
15001
15003
15005
15009
15010
15026
15027
15042
15043
15050
15052
15059
15061
15066
15074
15077
15081
16115
16123
16136
16141
15004
15019
15021
15022
15033
15038
15053
15054
15055
15057
15060
15063
15067
15078
15301
15311
15312
15313
15314
15317
15321
15323
15324
15329
15330
15331
15332
15333
15336
15339
15340
15342
15345
15347
15348
15350
15358
15360
15361
15363
15365
15366
15367
15368
15376
15377
15378
15379
15412
15419
15423
15427
15429
15432
15434
15477
15483
15012
15401
15410
15413
15415
15416
15417
15420
15421
15422
15425
15428
15430
15431
15433
15435
15436
15437
15438
15439
15440
15442
15443
15444
15445
15446
15447
15449
15450
15451
15454
15455
15456
15458
15459
15460
15461
15462
15463
15464
15465
15466
15467
15468
15469
15470
15472
15473
15474
15475
15476
15478
15480
15482
15484
15486
15488
15489
15490
15492
15631
15062
15068
15069
15072
15083
15085
15087
15089
15448
15479
15601
15605
15606
15610
15611
15612
15613
15615
15616
15617
15618
15619
15620
15621
15622
15623
15624
15625
15626
15627
15628
15629
15632
15633
15634
15635
15636
15637
15638
15639
15640
15641
15642
15644
15646
15647
15650
15655
15658
15660
15661
15662
15663
15664
15665
15666
15668
15670
15671
15672
15674
15675
15676
15677
15678
15679
15680
15683
15684
15685
15687
15688
15689
15690
15691
15692
15693
15695
15696
15697
15698
15779
15923
15944
15954
15310
15315
15316
15320
15322
15325
15327
15334
15337
15338
15341
15344
15346
15349
15351
15352
15353
15357
15359
15362
15364
15370
15380
15411
15424
15485
15501
15502
15510
15520
15530
15531
15532
15538
15540
15541
15542
15544
15546
15547
15548
15549
15551
15552
15553
15555
15557
15558
15560
15561
15562
15563
15564
15565
15924
15926
15928
15935
15936
15937
15953
15959
15963
15521
15522
15533
15534
15535
15537
15539
15545
15550
15554
15559
16633
16650
16655
16659
16664
16667
16670
16672
16678
16679
16694
16695
17211
15656
15673
15682
15686
15736
16049
16201
16210
16212
16215
16218
16222
16223
16226
16228
16229
16236
16238
16244
16245
16249
16250
16253
16259
16261
16262
16263
15711
15715
15730
15733
15740
15744
15764
15767
15770
15776
15778
15780
15781
15784
15824
15825
15829
15840
15847
15851
15860
15863
15864
15865
15681
15701
15705
15710
15712
15713
15716
15717
15720
15723
15724
15725
15727
15728
15729
15731
15732
15734
15739
15741
15742
15745
15746
15747
15748
15750
15752
15754
15756
15758
15759
15761
15763
15765
15771
15772
15774
15777
15783
15920
15929
15949
15957
16211
16246
16256
15714
15722
15737
15738
15760
15762
15773
15775
15901
15902
15904
15905
15906
15907
15909
15915
15921
15922
15925
15927
15930
15931
15934
15938
15940
15942
15943
15945
15946
15948
15951
15952
15955
15956
15958
15960
15961
15962
16613
16619
16624
16629
16630
16636
16639
16640
16641
16644
16646
16668
16675
16699
15721
15753
15757
15801
15848
15849
15856
15866
16616
16620
16627
16645
16651
16656
16661
16663
16666
16671
16680
16681
16692
16698
16821
16825
16830
16833
16834
16836
16837
16838
16839
16840
16843
16845
16847
16849
16850
16855
16858
16860
16861
16863
16871
16873
16876
16878
16879
16881
15821
15822
15823
15827
15831
15841
15845
15846
15853
15857
15868
15870
16728
16734
15828
16217
16239
16321
16322
16353
16370
15832
15834
15861
16001
16002
16003
16016
16017
16018
16020
16021
16022
16023
16024
16025
16027
16029
16030
16033
16034
16035
16037
16038
16039
16040
16041
16045
16046
16048
16050
16051
16052
16053
16055
16056
16057
16059
16061
16063
16066
16028
16036
16054
16058
16213
16214
16220
16221
16224
16225
16230
16232
16233
16234
16235
16240
16242
16248
16254
16255
16257
16258
16260
16326
16331
16332
16334
16361
16375
16101
16102
16103
16105
16107
16108
16112
16116
16117
16120
16132
16140
16142
16143
16155
16156
16157
16160
16172
16113
16114
16121
16124
16125
16127
16130
16133
16134
16137
16145
16146
16148
16150
16151
16153
16154
16159
16161
16311
16301
16317
16319
16323
16341
16342
16343
16344
16346
16362
16364
16372
16373
16374
16312
16313
16329
16340
16345
16347
16350
16351
16352
16365
16366
16367
16368
16369
16371
16402
16405
16416
16420
16436
16401
16407
16410
16411
16412
16413
16415
16417
16421
16423
16426
16427
16428
16430
16438
16441
16442
16443
16444
16475
16501
16502
16503
16504
16505
16506
16507
16508
16509
16510
16511
16512
16514
16515
16522
16530
16531
16532
16533
16534
16538
16541
16544
16546
16550
16553
16554
16563
16565
16601
16602
16603
16617
16625
16631
16635
16637
16648
16662
16665
16673
16682
16684
16686
16693
16333
16701
16724
16725
16726
16727
16729
16730
16731
16732
16733
16735
16738
16740
16743
16744
16745
16749
16750
16882
16901
16910
16911
16912
16914
16915
16917
16918
16920
16921
16922
16923
16925
16926
16927
16928
16929
16930
16932
16933
16935
16936
16937
16938
16939
16940
16941
16942
16943
16945
16946
16947
16948
16950
17001
17002
17003
17004
17005
17006
17007
17008
17009
17010
17011
17012
17013
17014
17015
17016
17017
17018
17019
17020
17021
17022
17023
17024
17025
17026
17027
17028
17029
17030
17032
17033
17034
17035
17036
17037
17038
17039
17040
17041
17042
17043
17044
17045
17046
17047
17048
17049
17050
17051
17052
17053
17054
17055
17056
17057
17058
17059
17060
17061
17062
17063
17064
17065
17066
17067
17068
17069
17070
17071
17072
17073
17074
17075
17076
17077
17078
17080
17081
17082
17083
17084
17085
17086
17087
17088
17089
17090
17091
17093
17094
17097
17098
17099
17101
17102
17103
17104
17105
17106
17107
17108
17109
17110
17111
17112
17113
17120
17121
17122
17123
17124
17125
17126
17127
17128
17129
17130
17140
17177
17201
17210
17212
17213
17214
17215
17217
17219
17220
17221
17222
17223
17224
17225
17228
17229
17231
17232
17233
17235
17236
17237
17238
17239
17240
17241
17243
17244
17246
17247
17249
17250
17251
17252
17253
17254
17255
17256
17257
17260
17261
17262
17263
17264
17265
17266
17267
17268
17270
17271
17272
17301
17302
17303
17304
17306
17307
17309
17310
17311
17312
17313
17314
17315
17316
17317
17318
17319
17320
17321
17322
17323
17324
17325
17326
17327
17329
17331
17332
17333
17334
17337
17339
17340
17342
17343
17344
17345
17347
17349
17350
17352
17353
17354
17355
17356
17358
17360
17361
17362
17363
17364
17365
17366
17368
17370
17371
17372
17375
17401
17402
17403
17404
17405
17406
17407
17408
17415
17501
17502
17503
17504
17505
17506
17507
17508
17509
17512
17516
17517
17518
17519
17520
17521
17522
17527
17528
17529
17532
17533
17534
17535
17536
17537
17538
17540
17543
17545
17547
17549
17550
17551
17552
17554
17555
17557
17560
17562
17563
17564
17565
17566
17567
17568
17569
17570
17572
17573
17575
17576
17578
17579
17580
17581
17582
17583
17584
17585
17601
17602
17603
17604
17605
17606
17607
17608
17611
17699
17701
17702
17703
17705
17720
17721
17723
17724
17726
17727
17728
17729
17730
17731
17735
17737
17738
17739
17740
17742
17744
17745
17747
17748
17749
17750
17751
17752
17754
17756
17758
17760
17762
17763
17764
17765
17767
17768
17769
17771
17772
17773
17774
17776
17777
17778
17779
17801
17810
17812
17813
17814
17815
17820
17821
17822
17823
17824
17827
17829
17830
17831
17832
17833
17834
17835
17836
17837
17839
17840
17841
17842
17843
17844
17845
17846
17847
17850
17851
17853
17855
17856
17857
17858
17859
17860
17861
17862
17864
17865
17866
17867
17868
17870
17872
17876
17877
17878
17880
17881
17882
17883
17884
17885
17886
17887
17888
17889
17901
17920
17921
17922
17923
17925
17929
17930
17931
17932
17933
17934
17935
17936
17938
17941
17942
17943
17944
17945
17946
17948
17949
17951
17952
17953
17954
17957
17959
17960
17961
17963
17964
17965
17966
17967
17968
17970
17972
17974
17976
17978
17979
17980
17981
17982
17983
17985
18001
18002
18003
18010
18011
18012
18013
18014
18015
18016
18017
18018
18020
18025
18030
18031
18032
18034
18035
18036
18037
18038
18039
18040
18041
18042
18043
18044
18045
18046
18049
18050
18051
18052
18053
18054
18055
18056
18058
18059
18060
18062
18063
18064
18065
18066
18067
18068
18069
18070
18071
18072
18073
18074
18076
18077
18078
18079
18080
18081
18083
18084
18085
18086
18087
18088
18091
18092
18098
18099
18101
18102
18103
18104
18105
18106
18109
18175
18195
18201
18202
18210
18211
18212
18214
18216
18218
18219
18220
18221
18222
18223
18224
18225
18229
18230
18231
18232
18234
18235
18237
18239
18240
18241
18242
18244
18245
18246
18247
18248
18249
18250
18251
18252
18254
18255
18256
18301
18302
18320
18321
18322
18323
18324
18325
18326
18327
18328
18330
18331
18332
18333
18334
18335
18336
18337
18340
18341
18342
18343
18344
18346
18347
18348
18349
18350
18351
18352
18353
18354
18355
18356
18357
18360
18370
18371
18372
18373
18403
18405
18407
18410
18411
18413
18414
18415
18416
18417
18419
18420
18421
18424
18425
18426
18427
18428
18430
18431
18433
18434
18435
18436
18437
18438
18439
18440
18441
18443
18444
18445
18446
18447
18448
18449
18451
18452
18453
18454
18455
18456
18457
18458
18459
18460
18461
18462
18463
18464
18465
18466
18469
18470
18471
18472
18473
18501
18502
18503
18504
18505
18507
18508
18509
18510
18512
18514
18515
18517
18518
18519
18522
18540
18577
18601
18602
18603
18610
18611
18612
18614
18615
18616
18617
18618
18619
18621
18622
18623
18624
18625
18626
18627
18628
18629
18630
18631
18632
18634
18635
18636
18640
18641
18642
18643
18644
18651
18653
18654
18655
18656
18657
18660
18661
18690
18701
18702
18703
18704
18705
18706
18707
18708
18709
18710
18711
18762
18764
18765
18766
18767
18769
18773
18801
18810
18812
18813
18814
18815
18816
18817
18818
18820
18821
18822
18823
18824
18825
18826
18827
18828
18829
18830
18831
18832
18833
18834
18837
18840
18842
18843
18844
18845
18846
18847
18848
18850
18851
18853
18854
18901
18902
18910
18911
18912
18913
18914
18915
18916
18917
18918
18920
18921
18922
18923
18924
18925
18926
18927
18928
18929
18930
18931
18932
18933
18934
18935
18936
18938
18940
18942
18943
18944
18946
18947
18949
18950
18951
18953
18954
18955
18956
18957
18958
18960
18962
18963
18964
18966
18968
18969
18970
18971
18972
18974
18976
18977
18979
18980
18981
18991
19001
19002
19003
19004
19006
19007
19008
19009
19010
19012
19013
19014
19015
19016
19017
19018
19019
19020
19021
19022
19023
19025
19026
19027
19028
19029
19030
19031
19032
19033
19034
19035
19036
19037
19038
19039
19040
19041
19043
19044
19046
19047
19048
19049
19050
19052
19053
19054
19055
19056
19057
19058
19061
19063
19064
19065
19066
19067
19070
19072
19073
19074
19075
19076
19078
19079
19080
19081
19082
19083
19085
19086
19087
19088
19089
19090
19091
19092
19093
19094
19095
19096
19098
19099
19101
19102
19103
19104
19105
19106
19107
19108
19109
19110
19111
19112
19113
19114
19115
19116
19118
19119
19120
19121
19122
19123
19124
19125
19126
19127
19128
19129
19130
19131
19132
19133
19134
19135
19136
19137
19138
19139
19140
19141
19142
19143
19144
19145
19146
19147
19148
19149
19150
19151
19152
19153
19154
19155
19160
19161
19162
19170
19171
19172
19173
19175
19176
19177
19178
19179
19181
19182
19183
19184
19185
19187
19188
19191
19192
19193
19194
19195
19196
19197
19244
19255
19301
19310
19311
19312
19316
19317
19318
19319
19320
19330
19331
19333
19335
19339
19340
19341
19342
19343
19344
19345
19346
19347
19348
19350
19351
19352
19353
19354
19355
19357
19358
19360
19362
19363
19365
19366
19367
19369
19371
19372
19373
19374
19375
19376
19380
19381
19382
19383
19390
19395
19397
19398
19399
19401
19403
19404
19405
19406
19407
19408
19409
19415
19420
19421
19422
19423
19424
19425
19426
19428
19429
19430
19432
19435
19436
19437
19438
19440
19441
19442
19443
19444
19446
19450
19451
19453
19454
19455
19456
19457
19460
19462
19464
19465
19468
19470
19472
19473
19474
19475
19477
19478
19480
19481
19482
19483
19484
19485
19486
19487
19488
19489
19490
19492
19493
19494
19495
19496
19501
19503
19504
19505
19506
19507
19508
19510
19511
19512
19516
19518
19519
19520
19522
19523
19525
19526
19529
19530
19533
19534
19535
19536
19538
19539
19540
19541
19542
19543
19544
19545
19547
19548
19549
19550
19551
19554
19555
19559
19560
19562
19564
19565
19567
19601
19602
19603
19604
19605
19606
19607
19608
19609
19610
19611
19612
19640
19701
19702
19703
19706
19707
19708
19709
19710
19711
19712
19713
19714
19715
19716
19717
19718
19720
19721
19725
19726
19730
19731
19732
19733
19734
19735
19736
19801
19802
19803
19804
19805
19806
19807
19808
19809
19810
19850
19880
19884
19885
19886
19887
19889
19890
19891
19892
19893
19894
19895
19896
19897
19898
19899
19901
19902
19903
19904
19905
19906
19930
19931
19933
19934
19936
19938
19939
19940
19941
19943
19944
19945
19946
19947
19950
19951
19952
19953
19954
19955
19956
19958
19960
19961
19962
19963
19964
19966
19967
19968
19969
19970
19971
19973
19975
19977
19979
19980
06404
06440
06468
06470
06482
06484
06491
06497
06601
06602
06604
06605
06606
06607
06608
06610
06611
06612
06614
06615
06650
06673
06699
06784
06801
06804
06807
06810
06811
06812
06813
06814
06816
06817
06820
06824
06825
06828
06829
06830
06831
06832
06836
06838
06840
06842
06850
06851
06852
06853
06854
06855
06856
06857
06858
06859
06860
06870
06875
06876
06877
06878
06879
06880
06881
06883
06888
06889
06890
06896
06897
06901
06902
06903
06904
06905
06906
06907
06910
06911
06912
06913
06914
06920
06921
06922
06925
06926
06927
06928
06401
06403
06405
06408
06410
06411
06418
06437
06443
06450
06451
06454
06460
06461
06471
06472
06473
06477
06478
06483
06487
06488
06492
06493
06494
06495
06501
06502
06503
06504
06505
06506
06507
06508
06509
06510
06511
06512
06513
06514
06515
06516
06517
06518
06519
06520
06521
06524
06525
06530
06531
06532
06533
06534
06535
06536
06537
06538
06540
06701
06702
06703
06704
06705
06706
06708
06710
06712
06716
06720
06721
06722
06723
06724
06725
06726
06749
06762
06770
06249
06254
06320
06330
06333
06334
06335
06336
06338
06339
06340
06349
06350
06351
06353
06355
06357
06359
06360
06365
06370
06371
06372
06375
06376
06378
06379
06380
06382
06383
06384
06385
06386
06388
06389
06415
06420
06439
06474
06018
06021
06024
06031
06039
06057
06058
06061
06063
06065
06068
06069
06079
06094
06098
06750
06751
06752
06753
06754
06755
06756
06757
06758
06759
06763
06776
06777
06778
06779
06781
06782
06783
06785
06786
06787
06790
06791
06792
06793
06794
06795
06796
06798
06001
06002
06006
06010
06011
06013
06016
06019
06020
06022
06023
06025
06026
06027
06028
06030
06032
06033
06034
06035
06037
06040
06041
06042
06045
06050
06051
06052
06053
06059
06060
06062
06064
06067
06070
06073
06074
06078
06080
06081
06082
06083
06085
06087
06088
06089
06090
06091
06092
06093
06095
06096
06101
06102
06103
06104
06105
06106
06107
06108
06109
06110
06111
06112
06114
06115
06117
06118
06119
06120
06123
06126
06127
06128
06129
06131
06132
06133
06134
06137
06138
06140
06141
06142
06143
06144
06145
06146
06147
06150
06151
06152
06153
06154
06155
06156
06160
06161
06167
06176
06180
06183
06199
06444
06447
06467
06479
06489
06226
06230
06233
06234
06235
06239
06241
06242
06243
06244
06245
06246
06247
06255
06256
06258
06259
06260
06262
06263
06264
06266
06267
06277
06278
06280
06281
06282
06331
06332
06354
06373
06374
06377
06387